68 0D 00 84 10 00 58 00 00 30 00 00 00 29 
68 0D 00 84 00 00 96 00 00 11 00 00 00 38 
68 0D 00 84 00 00 42 00 00 29 00 00 00 FC 
68 0D 00 84 00 00 30 00 00 29 00 00 00 EA 
68 0D 00 84 00 00 51 00 00 29 00 00 00 0B 
68 0D 00 84 00 00 44 00 00 24 00 00 00 F9 
68 0D 00 84 10 01 02 00 00 30 00 00 00 D4 
68 0D 00 84 10 00 51 00 00 33 00 00 00 25 
68 0D 00 84 10 45 00 10 00 00 00 00 00 F6 
68 0D 00 84 00 01 05 00 00 43 00 00 00 DA 
68 0D 00 84 00 01 34 00 00 48 00 00 00 0E 
68 0D 00 84 00 00 43 00 00 63 00 00 00 37 
68 0D 00 84 10 01 60 00 26 75 00 00 00 9D 
68 0D 00 84 10 00 05 00 01 53 00 00 00 FA 
68 0D 00 84 00 00 04 00 00 85 00 00 00 1A 
68 0D 00 84 00 00 03 00 00 75 00 00 00 09 
68 0D 00 84 00 00 02 00 00 45 00 00 00 D8 
68 0D 00 84 00 00 03 10 02 47 00 00 00 ED 
68 0D 00 84 10 00 08 10 05 37 00 00 00 F5 
68 0D 00 84 00 00 20 10 04 93 00 00 00 58 
68 0D 00 84 00 00 39 10 09 10 00 00 00 F3 
68 0D 00 84 00 00 27 10 06 03 00 00 00 D1 
68 0D 00 84 00 00 12 10 04 30 00 00 00 E7 
68 0D 00 84 00 00 45 10 36 84 00 00 00 A0 
68 0D 00 84 00 00 17 10 07 04 00 00 00 C3 
68 0D 00 84 10 00 41 10 28 70 00 00 00 8A 
68 0D 00 84 00 00 14 10 08 58 00 00 00 15 
68 0D 00 84 00 00 13 10 02 93 00 00 00 49 
68 0D 00 84 00 00 22 10 03 91 00 00 00 57 
68 0D 00 84 00 00 12 10 03 17 00 00 00 CD 
68 0D 00 84 00 00 31 10 05 32 00 00 00 09 
68 0D 00 84 00 00 10 10 05 16 00 00 00 CC 
68 0D 00 84 00 00 07 10 03 97 00 00 00 42 
68 0D 00 84 00 00 02 10 05 35 00 00 00 DD 
68 0D 00 84 00 00 23 10 05 33 00 00 00 FC 
68 0D 00 84 00 00 00 10 03 98 00 00 00 3C 
68 0D 00 84 10 06 05 10 45 00 00 00 00 01 
68 0D 00 84 00 00 00 10 02 92 00 00 00 35 
68 0D 00 84 00 00 23 10 16 80 00 00 00 5A 
68 0D 00 84 00 00 05 10 04 02 00 00 00 AC 
68 0D 00 84 00 00 18 10 04 93 00 00 00 50 
68 0D 00 84 00 00 04 10 05 05 00 00 00 AF 
68 0D 00 84 10 00 00 10 45 00 00 00 00 F6 
68 0D 00 84 00 00 05 10 04 86 00 00 00 30 
68 0D 00 84 00 00 09 10 04 00 00 00 00 AE 
68 0D 00 84 00 00 16 10 05 22 00 00 00 DE 
68 0D 00 84 00 00 14 10 05 13 00 00 00 CD 
68 0D 00 84 00 00 17 10 05 20 00 00 00 DD 
68 0D 00 84 10 00 13 10 09 44 00 00 00 11 
68 0D 00 84 00 00 05 10 03 49 00 00 00 F2 
